lfw_5590/Aaron_Eckhart_0001.jpg 84 161 92 169 106.250000 107.750000 146.750000 112.250000 125.250000 142.750000 105.250000 157.750000 139.750000 161.750000
lfw_5590/Aaron_Guiel_0001.jpg 85 172 93 181 100.250000 111.250000 145.750000 116.750000 124.250000 136.750000 92.750000 159.750000 138.750000 163.750000
lfw_5590/Aaron_Peirsol_0001.jpg 88 173 94 179 106.750000 113.250000 146.750000 113.250000 129.250000 139.750000 108.250000 153.250000 146.750000 152.750000
lfw_5590/Aaron_Pena_0001.jpg 67 176 83 192 101.750000 116.750000 145.250000 103.750000 125.250000 136.750000 119.750000 163.750000 146.250000 155.750000
lfw_5590/Aaron_Sorkin_0001.jpg 73 164 86 178 101.250000 112.250000 143.750000 111.750000 129.750000 137.750000 99.250000 155.250000 142.250000 154.750000
lfw_5590/Aaron_Tippin_0001.jpg 77 165 90 177 103.750000 111.750000 141.750000 111.250000 129.250000 133.750000 110.750000 156.250000 134.750000 155.250000
lfw_5590/Abba_Eban_0001.jpg 80 164 90 175 105.750000 113.750000 145.750000 110.250000 133.750000 136.250000 107.750000 156.250000 148.750000 155.250000
lfw_5590/Abdel_Aziz_Al-Hakim_0001.jpg 86 169 90 173 110.750000 110.250000 148.250000 113.750000 136.750000 133.250000 111.750000 152.250000 141.750000 154.250000
lfw_5590/Abdel_Nasser_Assidi_0001.jpg 80 167 87 174 103.750000 112.250000 148.250000 115.250000 124.250000 134.250000 106.750000 155.750000 136.250000 159.250000
lfw_5590/Abdulaziz_Kamilov_0001.jpg 76 162 90 177 108.250000 110.250000 146.750000 116.250000 128.750000 137.750000 104.250000 152.750000 133.250000 158.250000
lfw_5590/Abdullah_0001.jpg 80 163 92 175 106.250000 112.750000 148.250000 113.250000 126.750000 132.250000 110.250000 155.250000 137.750000 155.750000
lfw_5590/Abdullah_al-Attiyah_0001.jpg 72 164 90 182 98.750000 112.750000 138.250000 106.750000 112.750000 132.750000 111.750000 158.250000 140.250000 151.750000
lfw_5590/Abdullah_Gul_0001.jpg 80 166 90 176 107.750000 109.750000 146.250000 116.250000 118.250000 133.250000 108.750000 155.750000 136.750000 161.250000
lfw_5590/Abdullatif_Sener_0001.jpg 89 182 87 180 104.750000 117.750000 147.250000 114.750000 120.250000 139.750000 115.250000 164.250000 142.750000 163.250000
lfw_5590/Abdul_Majeed_Shobokshi_0001.jpg 75 167 89 181 113.750000 116.250000 143.750000 110.750000 136.750000 146.250000 108.750000 158.250000 130.250000 156.250000
lfw_5590/Abel_Aguilar_0001.jpg 82 166 93 177 105.750000 115.750000 146.750000 117.750000 127.250000 138.750000 109.750000 159.250000 137.750000 159.750000
lfw_5590/Abner_Martinez_0001.jpg 85 166 89 169 105.250000 115.250000 141.250000 108.750000 125.750000 132.250000 109.250000 149.750000 150.250000 142.250000
lfw_5590/Adam_Ant_0001.jpg 81 167 92 178 104.750000 113.250000 147.250000 111.750000 123.250000 141.750000 110.250000 161.750000 142.250000 160.250000
lfw_5590/Adam_Herbert_0001.jpg 83 165 91 172 105.250000 115.250000 143.750000 111.750000 129.250000 137.250000 112.750000 157.250000 144.250000 152.750000
lfw_5590/Adam_Mair_0001.jpg 83 165 91 172 108.750000 110.750000 147.250000 108.750000 129.250000 140.750000 113.250000 155.750000 142.750000 152.750000
lfw_5590/Adam_Rich_0001.jpg 83 166 95 178 104.250000 113.750000 146.250000 115.750000 118.750000 138.750000 105.250000 158.250000 138.750000 161.250000
lfw_5590/Adelina_Avila_0001.jpg 78 174 85 181 105.250000 111.250000 142.250000 101.750000 131.750000 125.250000 119.250000 148.250000 148.250000 139.750000
lfw_5590/Adel_Al-Jubeir_0001.jpg 83 161 93 171 108.250000 115.750000 142.250000 113.250000 129.750000 134.750000 111.750000 153.750000 137.750000 152.250000
lfw_5590/Adisai_Bodharamik_0001.jpg 77 163 91 177 101.750000 112.250000 147.250000 116.250000 128.250000 136.750000 106.750000 160.750000 137.250000 163.250000
lfw_5590/Adolfo_Aguilar_Zinser_0001.jpg 80 164 90 174 104.250000 110.250000 142.250000 107.750000 128.750000 138.250000 112.250000 161.250000 139.250000 158.250000
lfw_5590/Adoor_Gopalakarishnan_0001.jpg 84 168 90 174 101.250000 111.250000 145.250000 110.750000 127.250000 135.750000 109.750000 158.250000 141.250000 158.250000
lfw_5590/Adriana_Perez_Navarro_0001.jpg 75 173 85 182 106.250000 109.250000 148.750000 119.250000 122.250000 143.250000 95.250000 146.250000 134.250000 156.250000
lfw_5590/Adrianna_Zuzic_0001.jpg 68 168 83 183 103.750000 115.250000 151.250000 110.750000 134.250000 140.250000 105.250000 169.250000 149.250000 165.250000
lfw_5590/Adrian_Annus_0001.jpg 84 169 90 175 106.250000 110.250000 146.250000 113.750000 134.250000 135.250000 104.250000 166.750000 146.750000 166.750000
lfw_5590/Adrian_Fernandez_0001.jpg 83 166 89 172 102.750000 107.750000 146.750000 110.750000 129.250000 129.250000 109.750000 152.250000 140.750000 153.750000
lfw_5590/Adrian_Murrell_0001.jpg 84 164 92 172 102.250000 114.250000 144.250000 113.750000 122.750000 134.250000 108.250000 161.750000 143.250000 161.250000
lfw_5590/Adrian_Nastase_0001.jpg 80 163 92 174 102.750000 110.750000 146.750000 114.750000 130.250000 133.750000 104.750000 155.750000 138.750000 156.750000
lfw_5590/Adrien_Brody_0001.jpg 83 173 86 176 104.750000 111.750000 152.250000 108.250000 138.250000 139.250000 107.750000 159.250000 148.750000 156.250000
lfw_5590/Afton_Smith_0001.jpg 75 175 88 188 106.750000 111.250000 147.750000 114.250000 119.250000 136.750000 107.250000 151.750000 144.250000 154.250000
lfw_5590/Agbani_Darego_0001.jpg 83 172 89 178 101.750000 111.250000 148.750000 109.250000 115.750000 133.250000 107.250000 155.250000 143.750000 154.750000
lfw_5590/Agnelo_Queiroz_0001.jpg 78 171 87 179 106.750000 118.250000 143.750000 112.750000 116.250000 135.750000 117.250000 162.750000 140.250000 157.250000
lfw_5590/Ahmed_Ahmed_0001.jpg 74 167 86 179 105.250000 111.250000 144.750000 116.250000 128.250000 139.750000 103.250000 153.250000 137.750000 159.250000
lfw_5590/Ahmed_Chalabi_0001.jpg 78 165 88 175 103.250000 108.750000 146.750000 112.750000 126.750000 133.750000 102.750000 154.750000 138.750000 156.750000
lfw_5590/Ahmed_Ibrahim_Bilal_0001.jpg 84 167 93 176 99.250000 107.750000 148.250000 110.250000 124.250000 128.750000 104.250000 153.750000 141.750000 153.750000
lfw_5590/Ahmed_Lopez_0001.jpg 84 170 91 177 102.750000 113.750000 142.750000 113.250000 121.250000 136.250000 107.750000 158.250000 143.750000 158.250000
lfw_5590/Ahmed_Qureia_0001.jpg 81 167 88 174 102.750000 108.250000 142.250000 106.750000 122.250000 132.750000 108.750000 151.750000 147.750000 147.750000
lfw_5590/Ahmet_Demir_0001.jpg 83 173 90 179 109.250000 109.750000 150.250000 118.750000 133.250000 137.750000 102.250000 158.250000 137.250000 166.750000
lfw_5590/Ahmet_Necdet_Sezer_0001.jpg 83 171 91 179 106.250000 112.250000 145.750000 113.750000 120.250000 139.750000 110.250000 158.250000 144.750000 158.250000
lfw_5590/Aicha_El_Ouafi_0001.jpg 97 179 91 173 105.250000 116.250000 147.250000 110.750000 129.250000 134.750000 117.750000 163.250000 151.250000 156.250000
lfw_5590/Aidan_Quinn_0001.jpg 83 170 90 178 104.250000 113.750000 149.750000 110.250000 129.250000 138.250000 110.250000 157.750000 148.250000 154.750000
lfw_5590/Aileen_Riggin_Soule_0001.jpg 75 173 92 189 98.750000 116.250000 153.250000 112.250000 133.750000 151.250000 105.250000 162.750000 152.250000 157.750000
lfw_5590/Ainsworth_Dyer_0001.jpg 79 169 88 178 102.250000 111.250000 149.750000 111.250000 122.750000 133.750000 107.250000 161.250000 145.250000 160.250000
lfw_5590/Ain_Seppik_0001.jpg 72 171 86 185 102.250000 104.750000 146.750000 108.250000 121.250000 131.250000 103.250000 154.750000 139.250000 156.750000
lfw_5590/Aishwarya_Rai_0001.jpg 81 165 92 176 111.250000 106.250000 154.250000 119.250000 132.750000 137.750000 99.750000 144.750000 140.250000 157.250000
lfw_5590/Aitor_Gonzalez_0001.jpg 87 163 98 174 104.250000 120.250000 144.250000 115.750000 126.250000 142.750000 108.750000 156.750000 151.250000 152.250000
lfw_5590/Aiysha_Smith_0001.jpg 79 167 90 177 111.250000 115.750000 147.750000 114.250000 139.250000 136.750000 116.250000 164.250000 140.250000 159.750000
lfw_5590/Ajit_Agarkar_0001.jpg 84 165 93 174 103.250000 114.250000 143.250000 114.250000 119.250000 141.750000 105.250000 152.250000 145.750000 155.750000
lfw_5590/AJ_Cook_0001.jpg 82 167 91 175 103.750000 114.750000 146.750000 109.250000 115.250000 134.750000 109.250000 158.250000 148.750000 153.250000
lfw_5590/AJ_Lamas_0001.jpg 79 169 89 179 104.250000 112.250000 149.250000 118.750000 130.750000 133.750000 96.250000 152.750000 147.750000 158.250000
lfw_5590/Akbar_Al_Baker_0001.jpg 79 166 91 178 103.250000 112.250000 146.750000 114.250000 132.250000 141.250000 108.750000 160.250000 146.750000 158.250000
lfw_5590/Akbar_Hashemi_Rafsanjani_0001.jpg 77 171 86 180 102.250000 105.750000 145.750000 109.750000 128.750000 138.750000 106.250000 158.750000 138.750000 162.250000
lfw_5590/Akiko_Morigami_0001.jpg 81 144 98 161 98.750000 111.750000 128.250000 112.750000 108.750000 132.750000 100.750000 148.750000 130.750000 147.750000
lfw_5590/Akmal_Taher_0001.jpg 87 165 93 171 105.250000 114.250000 147.750000 113.750000 123.250000 139.250000 110.250000 155.750000 149.750000 155.750000
lfw_5590/Alanis_Morissette_0001.jpg 72 178 81 187 103.250000 110.250000 144.250000 104.750000 115.750000 134.250000 107.250000 159.250000 146.750000 158.250000
lfw_5590/Alanna_Ubach_0001.jpg 80 167 90 177 104.750000 112.250000 147.250000 114.250000 133.250000 137.250000 103.750000 155.750000 141.750000 159.250000
lfw_5590/Alan_Dershowitz_0001.jpg 83 166 90 173 106.250000 111.250000 145.250000 111.750000 123.750000 135.750000 110.750000 153.250000 137.750000 153.250000
lfw_5590/Alan_Dreher_0001.jpg 80 165 92 177 107.250000 116.250000 145.250000 112.250000 135.750000 132.750000 119.750000 160.750000 147.750000 158.250000
lfw_5590/Alan_Greenspan_0001.jpg 86 169 94 177 114.750000 116.250000 153.250000 116.250000 132.250000 142.750000 115.750000 155.750000 149.250000 155.750000
lfw_5590/Alan_Greer_0001.jpg 79 169 90 180 105.250000 111.250000 148.750000 113.250000 116.250000 138.750000 107.250000 160.250000 137.250000 162.750000
lfw_5590/Alan_Jackson_0001.jpg 83 164 92 172 109.250000 113.750000 146.250000 115.250000 126.750000 126.250000 109.250000 153.250000 142.750000 156.750000
lfw_5590/Alan_Mulally_0001.jpg 87 171 89 173 104.750000 115.250000 145.750000 112.750000 125.750000 132.750000 112.250000 158.250000 143.750000 157.250000
lfw_5590/Alan_Stonecipher_0001.jpg 81 167 91 177 103.250000 111.750000 144.750000 113.750000 122.750000 142.750000 109.750000 155.750000 142.750000 157.250000
lfw_5590/Alan_Tang_Kwong-wing_0001.jpg 80 162 91 172 108.750000 109.750000 147.750000 112.250000 130.750000 134.750000 107.250000 156.750000 139.750000 158.250000
lfw_5590/Alan_Trammell_0001.jpg 83 164 89 170 105.250000 110.250000 144.750000 108.750000 124.750000 136.250000 105.750000 156.750000 143.750000 158.250000
lfw_5590/Alan_Zemaitis_0001.jpg 83 169 93 179 105.750000 116.250000 151.250000 111.250000 124.250000 139.250000 113.750000 163.750000 146.750000 161.750000
lfw_5590/Alastair_Johnston_0001.jpg 86 166 92 172 106.250000 115.750000 147.250000 111.250000 125.750000 128.750000 107.750000 158.250000 151.250000 151.750000
lfw_5590/Albaro_Recoba_0001.jpg 82 167 93 178 108.750000 112.250000 149.750000 114.250000 129.250000 135.750000 110.250000 156.750000 141.250000 156.250000
lfw_5590/Alberta_Lee_0001.jpg 96 176 93 173 103.750000 115.250000 148.750000 112.750000 125.250000 137.750000 109.750000 154.750000 150.250000 153.750000
lfw_5590/Alberto_Acosta_0001.jpg 83 158 92 168 107.250000 115.250000 143.250000 107.250000 134.750000 134.250000 119.750000 158.250000 147.750000 151.750000
lfw_5590/Alberto_Fujimori_0001.jpg 76 166 89 179 105.250000 113.750000 144.750000 110.250000 129.750000 137.750000 109.250000 164.750000 148.250000 160.250000
lfw_5590/Alberto_Gonzales_0001.jpg 82 156 94 168 104.750000 114.250000 141.250000 110.250000 123.250000 130.750000 110.750000 154.750000 140.750000 152.750000
lfw_5590/Alberto_Ruiz_Gallardon_0001.jpg 66 173 85 192 99.250000 114.250000 147.250000 115.750000 131.250000 139.250000 106.250000 163.750000 142.750000 165.250000
lfw_5590/Alberto_Sordi_0001.jpg 89 168 92 171 105.250000 110.250000 143.750000 115.750000 120.750000 135.250000 100.250000 151.750000 140.750000 157.250000
lfw_5590/Albert_Brooks_0001.jpg 75 167 85 177 101.250000 110.250000 143.250000 111.250000 118.750000 135.750000 103.750000 159.750000 142.250000 160.250000
lfw_5590/Albert_Costa_0001.jpg 76 175 83 182 108.250000 118.250000 142.250000 108.750000 122.750000 136.750000 121.250000 162.750000 150.750000 152.750000
lfw_5590/Albert_Montanes_0001.jpg 71 159 89 177 104.750000 110.750000 145.750000 115.250000 132.750000 133.250000 105.750000 152.750000 139.250000 157.250000
lfw_5590/Albrecht_Mentz_0001.jpg 86 162 92 168 107.250000 113.750000 141.250000 109.250000 126.250000 131.750000 113.750000 155.750000 143.250000 153.750000
lfw_5590/Aldo_Paredes_0001.jpg 91 180 88 178 108.250000 119.750000 150.250000 111.750000 118.250000 136.750000 111.750000 164.250000 150.750000 157.250000
lfw_5590/Alecos_Markides_0001.jpg 85 170 90 174 102.750000 108.750000 147.250000 109.750000 119.750000 136.750000 111.750000 153.750000 148.250000 152.750000
lfw_5590/Alec_Baldwin_0001.jpg 73 169 91 186 104.750000 111.250000 147.750000 116.750000 132.250000 142.250000 105.250000 159.750000 139.250000 162.750000
lfw_5590/Alejandro_Atchugarry_0001.jpg 85 163 96 174 105.250000 111.250000 150.250000 117.250000 126.750000 145.750000 101.750000 160.750000 135.250000 164.750000
lfw_5590/Alejandro_Avila_0001.jpg 84 167 91 174 105.250000 112.250000 147.250000 113.750000 124.750000 131.250000 107.250000 155.250000 140.250000 155.250000
lfw_5590/Alejandro_Fernandez_0001.jpg 84 168 91 175 103.750000 115.750000 146.750000 111.750000 125.750000 139.750000 109.250000 156.250000 146.250000 154.250000
lfw_5590/Alejandro_Gonzalez_Inarritu_0001.jpg 75 173 85 182 100.750000 116.750000 143.750000 112.250000 123.750000 138.250000 110.250000 157.250000 152.750000 152.750000
lfw_5590/Alejandro_Lembo_0001.jpg 87 164 91 168 108.750000 116.750000 145.250000 114.250000 122.750000 132.250000 113.750000 156.250000 148.750000 152.250000
lfw_5590/Alejandro_Lerner_0001.jpg 69 165 84 181 104.750000 109.250000 145.250000 120.250000 132.750000 136.250000 101.750000 159.750000 133.250000 167.750000
lfw_5590/Alejandro_Toledo_0001.jpg 81 159 94 172 106.250000 114.750000 142.750000 111.750000 126.750000 140.750000 111.750000 161.250000 141.250000 159.750000
lfw_5590/Aleksander_Kwasniewski_0001.jpg 81 170 90 179 103.250000 114.750000 145.250000 112.250000 127.250000 139.750000 104.250000 157.750000 147.750000 153.250000
lfw_5590/Aleksander_Voloshin_0001.jpg 87 170 94 177 107.750000 111.750000 149.750000 110.750000 135.750000 143.750000 111.250000 155.750000 143.750000 155.750000
lfw_5590/Alessandra_Cerna_0001.jpg 75 165 87 176 108.250000 111.250000 144.250000 108.250000 136.750000 133.750000 111.750000 153.750000 144.250000 153.250000
lfw_5590/Alexander_Downer_0001.jpg 78 172 88 183 107.250000 109.750000 148.250000 110.750000 133.750000 134.250000 103.750000 154.250000 142.750000 156.750000
lfw_5590/Alexandra_Jackson_0001.jpg 94 173 93 171 113.250000 114.750000 145.750000 112.750000 117.750000 135.750000 112.250000 158.750000 141.750000 157.750000
lfw_5590/Alexandra_Rozovskaya_0001.jpg 83 171 91 179 105.250000 107.250000 141.750000 114.750000 108.750000 134.750000 102.250000 158.750000 135.250000 164.250000
lfw_5590/Alexandra_Spann_0001.jpg 83 170 92 179 100.250000 112.750000 148.250000 113.250000 122.750000 142.250000 106.250000 160.250000 149.250000 162.250000
lfw_5590/Alexandra_Vodjanikova_0001.jpg 78 162 89 174 107.250000 108.750000 148.750000 117.250000 124.250000 135.750000 103.250000 152.250000 136.750000 155.250000
lfw_5590/Alexandre_Daigle_0001.jpg 81 160 92 170 105.750000 112.250000 144.750000 112.750000 126.250000 137.250000 107.250000 153.750000 143.750000 151.250000
lfw_5590/Alexandre_Despatie_0001.jpg 83 166 91 174 102.250000 115.250000 143.250000 107.750000 129.750000 137.750000 110.750000 157.750000 147.250000 152.750000
lfw_5590/Alexandre_Herchcovitch_0001.jpg 84 166 90 173 109.750000 108.250000 147.750000 113.250000 134.750000 122.750000 110.750000 154.250000 143.750000 156.750000
lfw_5590/Alexa_Loren_0001.jpg 82 177 85 180 100.250000 112.250000 142.250000 105.250000 116.250000 132.250000 108.750000 158.750000 143.750000 155.750000
lfw_5590/Alexa_Vega_0001.jpg 78 162 90 174 109.750000 109.250000 148.750000 117.250000 131.750000 135.750000 107.750000 153.250000 135.250000 157.750000
lfw_5590/Alexis_Bledel_0001.jpg 82 169 91 178 108.250000 115.750000 149.250000 113.750000 127.750000 136.250000 108.750000 150.250000 147.750000 149.250000
lfw_5590/Alexis_Dennisoff_0001.jpg 90 174 90 174 99.750000 113.250000 136.250000 107.250000 111.750000 137.750000 108.750000 158.750000 139.750000 157.250000
lfw_5590/Alex_Cabrera_0001.jpg 83 167 93 177 104.750000 112.250000 144.250000 109.750000 125.750000 135.750000 112.750000 160.750000 141.750000 157.250000
lfw_5590/Alex_Cejka_0001.jpg 80 164 91 176 102.750000 110.250000 146.750000 116.750000 123.250000 137.750000 93.750000 148.750000 143.250000 154.750000
lfw_5590/Alex_Corretja_0001.jpg 80 159 93 172 109.250000 112.750000 145.250000 115.250000 131.250000 134.750000 111.750000 155.250000 140.750000 159.250000
lfw_5590/Alex_Gonzalez_0001.jpg 75 170 82 178 103.750000 106.750000 152.250000 110.750000 121.250000 126.750000 102.250000 158.750000 140.250000 161.250000
lfw_5590/Alex_Holmes_0001.jpg 91 175 90 174 106.750000 110.750000 145.250000 110.750000 118.250000 135.250000 107.250000 151.250000 145.750000 151.250000
lfw_5590/Alex_King_0001.jpg 86 172 92 177 105.750000 111.750000 148.750000 111.250000 119.750000 136.250000 108.750000 158.750000 138.250000 158.250000
lfw_5590/Alex_Penelas_0001.jpg 88 168 92 172 103.250000 112.750000 147.250000 110.250000 121.750000 137.750000 112.250000 165.250000 144.250000 162.750000
lfw_5590/Alex_Wallau_0001.jpg 80 177 89 186 108.750000 108.750000 152.250000 117.250000 128.750000 140.250000 104.750000 158.750000 140.750000 166.250000
lfw_5590/Alex_Zanardi_0001.jpg 83 175 90 181 103.750000 116.250000 143.250000 109.750000 122.750000 141.250000 111.250000 158.750000 149.250000 154.250000
lfw_5590/Alfonso_Cuaron_0001.jpg 77 168 88 179 105.250000 111.750000 144.750000 115.250000 123.250000 135.250000 106.750000 155.750000 135.750000 159.750000
lfw_5590/Alfonso_Portillo_0001.jpg 78 169 92 183 104.250000 113.250000 148.250000 112.750000 126.750000 140.750000 106.250000 152.750000 146.250000 153.250000
lfw_5590/Alfonso_Soriano_0001.jpg 92 167 94 170 101.750000 115.250000 144.750000 114.250000 121.750000 135.250000 106.750000 162.250000 147.750000 161.750000
lfw_5590/Alfredo_Moreno_0001.jpg 85 166 91 172 107.250000 113.250000 141.750000 113.750000 120.250000 133.750000 109.750000 154.250000 141.750000 155.250000
lfw_5590/Alfredo_Pena_0001.jpg 75 158 92 175 100.250000 111.750000 145.250000 114.250000 127.250000 132.750000 105.750000 159.750000 135.250000 161.250000
lfw_5590/Alfred_Ford_0001.jpg 75 160 90 175 113.250000 111.250000 136.750000 111.250000 134.750000 133.250000 108.250000 153.750000 129.750000 152.750000
lfw_5590/Alfred_Sant_0001.jpg 75 159 90 174 101.750000 109.750000 141.750000 111.750000 125.250000 137.750000 102.750000 153.250000 138.750000 156.750000
lfw_5590/Alice_Fisher_0001.jpg 83 164 92 173 103.250000 115.250000 146.250000 112.750000 124.750000 134.750000 111.250000 159.250000 142.250000 157.750000
lfw_5590/Alicia_Keys_0001.jpg 78 169 90 182 108.250000 114.250000 147.250000 112.250000 129.750000 135.750000 105.750000 150.250000 149.250000 148.750000
lfw_5590/Alicia_Molik_0001.jpg 86 163 94 171 108.750000 112.250000 149.750000 116.750000 124.750000 136.250000 103.750000 160.750000 139.250000 166.250000
lfw_5590/Alicia_Silverstone_0001.jpg 83 162 91 171 98.250000 117.250000 136.750000 106.750000 114.750000 132.750000 106.250000 156.750000 145.750000 147.750000
lfw_5590/Alicia_Witt_0001.jpg 83 165 90 171 105.750000 110.750000 147.750000 113.750000 124.750000 138.250000 101.750000 148.750000 143.750000 150.750000
lfw_5590/Alimzhan_Tokhtakhounov_0001.jpg 75 175 87 187 104.750000 112.750000 150.250000 106.750000 126.250000 141.250000 111.250000 163.250000 147.250000 159.750000
lfw_5590/Alina_Kabaeva_0001.jpg 94 167 92 165 105.250000 116.250000 144.250000 109.750000 131.250000 123.750000 112.750000 149.750000 149.250000 144.750000
lfw_5590/Aline_Chretien_0001.jpg 79 166 93 179 102.250000 119.750000 143.750000 110.750000 131.750000 141.750000 111.250000 158.750000 144.250000 154.250000
lfw_5590/Alisha_Richman_0001.jpg 84 171 92 178 101.250000 112.750000 146.750000 110.250000 129.250000 142.250000 103.750000 161.250000 140.250000 160.750000
lfw_5590/Alistair_MacDonald_0001.jpg 84 162 93 171 103.250000 114.750000 145.250000 110.250000 127.750000 134.250000 105.750000 151.250000 147.250000 146.250000
lfw_5590/Ali_Abbas_0001.jpg 85 180 84 179 97.750000 118.750000 136.250000 108.750000 108.250000 136.750000 105.750000 158.250000 142.750000 148.250000
lfw_5590/Ali_Abdullah_Saleh_0001.jpg 72 167 89 184 103.250000 116.250000 140.250000 112.750000 132.250000 137.750000 111.750000 161.750000 142.750000 159.750000
lfw_5590/Ali_Ahmeti_0001.jpg 82 167 94 179 106.250000 112.750000 146.750000 115.750000 127.250000 137.750000 106.250000 157.250000 143.250000 159.750000
lfw_5590/Ali_Bin_Hussein_0001.jpg 83 169 89 175 106.750000 117.250000 138.750000 109.250000 131.750000 132.250000 120.250000 154.250000 142.250000 148.750000
lfw_5590/Ali_Fallahian_0001.jpg 78 167 90 179 103.750000 112.750000 145.750000 107.250000 126.250000 138.250000 110.750000 153.750000 145.250000 149.750000
lfw_5590/Ali_Naimi_0001.jpg 82 169 89 176 100.750000 114.750000 144.250000 108.750000 130.750000 136.750000 114.250000 168.250000 150.750000 160.250000
lfw_5590/Allan_Kemakeza_0001.jpg 80 176 86 182 104.250000 114.750000 145.250000 110.250000 117.250000 133.250000 109.250000 160.750000 147.250000 156.250000
lfw_5590/Allan_Wagner_0001.jpg 88 174 90 175 104.750000 111.250000 144.250000 107.750000 119.250000 135.250000 113.250000 156.250000 144.750000 155.750000
lfw_5590/Allen_Iverson_0001.jpg 75 170 86 181 102.250000 114.250000 147.750000 109.750000 131.750000 128.750000 115.250000 166.250000 152.750000 162.750000
lfw_5590/Allison_Janney_0001.jpg 80 167 92 178 99.750000 114.750000 146.750000 110.250000 127.250000 140.250000 108.250000 163.250000 143.250000 161.250000
lfw_5590/Allison_Searing_0001.jpg 79 173 77 171 98.250000 102.250000 154.750000 99.750000 128.250000 125.250000 107.750000 151.750000 148.750000 151.750000
lfw_5590/Allyson_Felix_0001.jpg 83 166 91 175 101.750000 112.250000 144.750000 112.250000 119.750000 131.750000 102.750000 157.250000 138.750000 157.750000
lfw_5590/Ally_Sheedy_0001.jpg 84 173 88 177 103.250000 114.250000 145.750000 103.250000 139.250000 138.750000 118.250000 156.250000 152.750000 147.250000
lfw_5590/Alma_Powell_0001.jpg 72 164 90 182 98.250000 104.750000 143.750000 108.250000 108.750000 135.250000 97.750000 151.750000 145.250000 158.250000
lfw_5590/Almeida_Baptista_0001.jpg 91 187 87 184 108.750000 115.750000 146.750000 106.250000 123.750000 139.250000 119.250000 163.250000 154.750000 159.750000
lfw_5590/Alonzo_Mourning_0001.jpg 82 169 88 176 105.250000 107.250000 148.250000 114.250000 124.250000 134.250000 101.250000 155.750000 135.250000 160.250000
lfw_5590/Alvaro_Silva_Calderon_0001.jpg 81 171 87 178 101.250000 109.250000 144.750000 107.750000 125.750000 134.250000 107.250000 158.750000 143.250000 155.750000
lfw_5590/Alvaro_Uribe_0001.jpg 81 169 86 174 98.750000 117.250000 137.750000 108.750000 115.750000 134.250000 113.750000 160.750000 139.750000 158.750000
lfw_5590/Alyse_Beaupre_0001.jpg 82 165 92 175 106.250000 114.250000 144.250000 110.750000 132.750000 133.750000 113.750000 156.250000 145.250000 153.750000
lfw_5590/Aly_Wagner_0001.jpg 78 167 88 177 106.250000 107.750000 147.250000 114.750000 127.250000 131.750000 93.750000 149.250000 139.250000 156.750000
lfw_5590/Al_Cardenas_0001.jpg 83 169 91 177 102.750000 106.750000 147.750000 115.250000 130.250000 141.250000 99.750000 160.250000 139.250000 164.750000
lfw_5590/Al_Davis_0001.jpg 83 168 90 174 105.750000 109.750000 147.750000 113.750000 129.250000 136.250000 105.250000 150.750000 140.750000 151.750000
lfw_5590/Al_Gore_0001.jpg 82 169 90 177 103.250000 112.750000 145.250000 109.750000 115.750000 142.250000 111.750000 162.250000 148.750000 160.250000
lfw_5590/Al_Leiter_0001.jpg 88 170 95 176 100.250000 118.250000 139.750000 113.250000 116.750000 141.250000 111.750000 158.750000 137.750000 158.250000
lfw_5590/Al_Pacino_0001.jpg 83 168 93 178 104.750000 113.750000 144.750000 111.750000 122.750000 141.250000 111.750000 163.250000 143.750000 161.750000
lfw_5590/Al_Sharpton_0001.jpg 75 173 87 185 101.250000 112.250000 150.750000 108.250000 122.750000 133.750000 105.750000 165.750000 142.250000 164.250000
lfw_5590/Amanda_Beard_0001.jpg 81 174 87 180 106.250000 110.250000 147.750000 110.750000 133.750000 136.750000 105.250000 154.750000 146.250000 154.750000
lfw_5590/Amanda_Bynes_0001.jpg 78 166 91 179 104.250000 112.750000 144.250000 113.750000 124.750000 139.750000 102.250000 154.750000 144.750000 153.250000
lfw_5590/Amanda_Coetzer_0001.jpg 79 163 90 174 105.250000 107.250000 142.250000 115.250000 125.750000 135.250000 101.750000 148.250000 129.750000 155.250000
lfw_5590/Amanda_Marsh_0001.jpg 79 173 89 184 105.250000 114.250000 151.750000 108.750000 139.750000 139.250000 106.750000 155.750000 152.250000 149.250000
lfw_5590/Amanda_Plumer_0001.jpg 71 170 86 185 96.250000 108.750000 145.750000 111.750000 130.750000 133.750000 96.250000 164.750000 141.750000 167.750000
lfw_5590/Amber_Tamblyn_0001.jpg 84 175 89 181 106.250000 112.250000 147.250000 112.250000 113.750000 132.750000 106.750000 160.750000 138.750000 162.250000
lfw_5590/Amer_al-Saadi_0001.jpg 84 180 87 183 105.750000 115.250000 146.750000 109.750000 120.750000 142.250000 115.250000 164.250000 150.250000 157.750000
lfw_5590/Amporn_Falise_0001.jpg 76 169 85 179 98.250000 109.250000 143.750000 110.250000 109.250000 128.250000 96.750000 157.250000 130.750000 156.750000
lfw_5590/Amram_Mitzna_0001.jpg 86 165 91 169 105.250000 110.250000 146.250000 112.250000 118.750000 133.750000 106.750000 159.250000 135.750000 160.750000
lfw_5590/Amy_Cotton_0001.jpg 89 163 88 162 104.250000 110.250000 142.250000 104.750000 131.250000 123.250000 108.750000 149.750000 150.250000 141.750000
lfw_5590/Amy_Redford_0001.jpg 76 169 85 178 100.250000 111.250000 146.250000 106.750000 127.250000 137.750000 105.250000 151.250000 150.750000 147.250000
lfw_5590/Anastasia_Kelesidou_0001.jpg 81 167 90 175 105.750000 109.750000 146.750000 110.250000 133.250000 137.250000 107.250000 155.250000 141.750000 156.250000
lfw_5590/Anastasia_Myskina_0001.jpg 81 178 85 182 106.250000 113.750000 147.250000 105.250000 135.250000 131.750000 122.750000 157.250000 151.750000 151.750000
lfw_5590/Anatoliy_Kinakh_0001.jpg 76 165 88 177 107.750000 109.250000 148.750000 113.250000 133.250000 138.750000 107.250000 161.750000 136.750000 164.250000
lfw_5590/Ana_Claudia_Talancon_0001.jpg 79 166 90 177 101.250000 113.750000 140.750000 112.750000 115.250000 139.250000 104.750000 153.750000 141.250000 153.750000
lfw_5590/Ana_Guevara_0001.jpg 78 172 84 178 103.250000 110.750000 147.750000 108.250000 114.750000 133.750000 105.750000 153.750000 151.250000 155.250000
lfw_5590/Ana_Isabel_Sanchez_0001.jpg 85 171 88 174 102.750000 108.250000 148.250000 109.750000 127.250000 135.750000 106.250000 153.250000 143.250000 153.750000
lfw_5590/Ana_Paula_Gerard_0001.jpg 74 171 82 178 104.750000 107.250000 145.750000 117.750000 129.250000 128.750000 96.250000 147.750000 142.750000 158.250000
lfw_5590/Ana_Sebastiao_0001.jpg 79 166 87 174 101.250000 112.750000 148.750000 114.750000 120.750000 133.250000 101.750000 151.750000 147.750000 152.750000
lfw_5590/Anderson_Varejao_0001.jpg 86 169 94 177 105.250000 114.750000 146.250000 114.250000 119.250000 131.250000 104.750000 150.750000 149.750000 150.750000
lfw_5590/Anders_Ebbeson_0001.jpg 77 168 86 178 104.250000 112.250000 145.250000 105.250000 140.750000 132.750000 109.250000 156.250000 145.750000 150.750000
lfw_5590/Anders_Fogh_Rasmussen_0001.jpg 83 172 92 181 105.750000 117.250000 144.250000 112.750000 128.750000 137.250000 116.750000 165.750000 143.750000 163.250000
lfw_5590/Andreas_Vinciguerra_0001.jpg 82 164 90 172 107.250000 114.750000 142.750000 108.750000 130.250000 130.750000 111.250000 158.750000 146.750000 154.750000
lfw_5590/Andrea_De_Cruz_0001.jpg 81 163 92 174 108.250000 108.250000 149.750000 110.750000 133.750000 136.250000 105.750000 152.750000 142.250000 155.250000
lfw_5590/Andrea_Kiser_0001.jpg 75 169 85 180 109.250000 110.250000 155.250000 110.750000 134.750000 127.250000 109.250000 157.750000 150.750000 156.750000
lfw_5590/Andrea_Yates_0001.jpg 91 166 93 168 104.250000 112.250000 141.750000 108.250000 125.750000 134.750000 114.250000 159.250000 145.750000 154.250000
lfw_5590/Andrei_Konchalovsky_0001.jpg 81 168 89 176 102.250000 110.750000 144.250000 113.250000 126.250000 135.750000 101.750000 156.750000 144.750000 157.750000
lfw_5590/Andrei_Mikhnevich_0001.jpg 81 163 91 174 101.750000 113.750000 144.250000 113.250000 122.250000 127.250000 102.750000 158.750000 139.750000 157.250000
lfw_5590/Andres_DAlessandro_0001.jpg 88 166 94 172 109.250000 116.750000 146.250000 110.750000 134.250000 128.250000 113.750000 155.250000 151.750000 146.250000
lfw_5590/Andres_Manuel_Lopez_Obrador_0001.jpg 80 160 94 174 100.750000 108.250000 139.750000 108.250000 120.750000 137.250000 111.750000 156.250000 138.250000 156.250000
lfw_5590/Andres_Pastrana_0001.jpg 80 172 87 179 106.750000 115.250000 146.250000 113.250000 132.250000 141.250000 110.250000 159.750000 143.250000 160.750000
lfw_5590/Andrew_Caldecott_0001.jpg 74 159 91 177 105.750000 111.250000 144.750000 112.750000 130.750000 138.750000 108.250000 159.750000 142.250000 159.750000
lfw_5590/Andrew_Cuomo_0001.jpg 85 169 92 176 101.750000 114.250000 143.250000 113.250000 114.750000 139.250000 107.750000 161.250000 138.250000 162.250000
lfw_5590/Andrew_Firestone_0001.jpg 86 172 89 176 101.750000 116.750000 141.750000 111.750000 116.750000 141.750000 110.250000 161.750000 151.750000 154.750000
lfw_5590/Andrew_Gilligan_0001.jpg 76 159 91 174 106.750000 110.250000 143.250000 112.250000 130.250000 137.250000 107.250000 158.250000 141.250000 157.750000
lfw_5590/Andrew_Jarecki_0001.jpg 82 164 90 173 103.250000 114.250000 141.750000 110.750000 128.750000 132.250000 113.750000 159.750000 144.750000 155.750000
lfw_5590/Andrew_Sabey_0001.jpg 82 164 93 174 109.750000 112.250000 146.250000 114.750000 132.750000 131.750000 110.250000 156.750000 142.250000 156.250000
lfw_5590/Andrew_Shutley_0001.jpg 87 169 91 172 104.250000 109.250000 146.750000 113.750000 123.750000 135.750000 101.750000 152.750000 137.750000 156.750000
lfw_5590/Andre_Agassi_0001.jpg 87 161 94 168 106.250000 113.750000 143.250000 112.250000 126.250000 136.250000 110.750000 151.750000 139.250000 150.750000
lfw_5590/Andre_Bucher_0001.jpg 77 173 88 183 105.750000 113.250000 139.750000 111.750000 125.750000 121.250000 111.750000 148.250000 138.250000 146.250000
lfw_5590/Andre_Techine_0001.jpg 81 165 91 176 101.750000 110.750000 143.750000 110.750000 121.750000 134.750000 108.250000 159.750000 140.250000 158.750000
lfw_5590/Andrzej_Tyszkiewicz_0001.jpg 88 177 94 182 105.250000 116.250000 147.250000 109.750000 122.250000 138.750000 115.750000 167.250000 149.250000 162.250000
lfw_5590/Andy_Bryant_0001.jpg 82 162 93 173 106.750000 113.250000 146.250000 116.250000 130.250000 140.250000 108.750000 158.250000 136.750000 161.250000
lfw_5590/Andy_Garcia_0001.jpg 84 167 95 179 103.250000 115.750000 142.250000 113.250000 119.750000 142.250000 107.750000 158.750000 144.250000 157.250000
lfw_5590/Andy_Griffith_0001.jpg 82 165 91 174 103.750000 109.750000 142.250000 111.250000 122.750000 134.250000 104.750000 150.250000 140.750000 151.250000
lfw_5590/Andy_Griggs_0001.jpg 77 169 81 173 103.750000 110.750000 146.750000 113.750000 125.750000 132.750000 101.750000 151.750000 140.750000 155.750000
lfw_5590/Andy_Hebb_0001.jpg 66 164 85 183 103.750000 110.750000 143.750000 113.250000 134.750000 138.750000 103.750000 161.250000 140.250000 162.250000
lfw_5590/Andy_Madikians_0001.jpg 80 166 91 177 103.750000 113.250000 144.250000 111.250000 128.750000 134.750000 109.750000 161.750000 144.750000 160.750000
lfw_5590/Andy_North_0001.jpg 81 159 93 171 109.750000 109.750000 144.750000 110.250000 131.750000 134.750000 108.750000 152.250000 139.750000 155.250000
lfw_5590/Andy_Perez_0001.jpg 83 168 89 174 103.750000 118.250000 144.750000 111.750000 119.250000 137.250000 113.250000 164.750000 146.750000 158.250000
lfw_5590/Andy_Roddick_0001.jpg 81 161 93 174 106.250000 118.250000 139.750000 118.750000 117.250000 135.250000 108.250000 157.750000 139.750000 158.250000
lfw_5590/Andy_Rooney_0001.jpg 78 171 90 183 102.250000 110.750000 147.250000 114.750000 128.750000 142.750000 100.250000 157.750000 139.750000 159.250000
lfw_5590/Andy_Warhol_0001.jpg 86 169 86 169 108.250000 113.250000 146.750000 113.250000 128.250000 129.750000 112.250000 153.250000 141.750000 151.750000
lfw_5590/Andy_Wisecarver_0001.jpg 79 176 90 187 98.250000 116.750000 145.750000 108.750000 136.250000 140.250000 117.750000 175.250000 149.250000 166.750000
lfw_5590/AnFernce_Negron_0001.jpg 82 166 87 171 103.750000 115.750000 141.750000 109.750000 119.250000 121.750000 108.750000 151.750000 145.750000 148.250000
lfw_5590/Angela_Alvarado_Rosa_0001.jpg 82 170 89 177 99.750000 114.750000 143.750000 112.750000 115.250000 129.250000 104.250000 161.250000 142.750000 159.250000
lfw_5590/Angela_Lansbury_0001.jpg 83 166 94 176 108.250000 115.750000 147.750000 114.750000 123.250000 135.250000 109.250000 151.750000 146.750000 152.250000
lfw_5590/Angela_Merkel_0001.jpg 82 180 84 182 102.250000 111.750000 148.750000 105.750000 115.750000 138.750000 110.250000 161.250000 156.250000 156.250000
lfw_5590/Angelina_Jolie_0001.jpg 76 173 85 183 103.250000 112.250000 148.250000 111.750000 130.250000 140.750000 98.750000 155.750000 146.750000 154.250000
lfw_5590/Angelo_Genova_0001.jpg 95 163 95 163 110.750000 107.750000 148.750000 109.750000 132.750000 136.250000 101.750000 147.250000 143.750000 149.250000
lfw_5590/Angelo_Reyes_0001.jpg 82 184 86 189 99.750000 110.750000 145.750000 109.250000 111.250000 138.750000 108.250000 165.750000 140.750000 161.750000
lfw_5590/Angel_Maza_0001.jpg 85 161 92 168 105.250000 110.750000 144.250000 111.750000 127.750000 134.750000 105.750000 148.750000 144.250000 147.750000
lfw_5590/Angie_Arzola_0001.jpg 82 158 95 171 106.750000 114.250000 142.750000 109.750000 134.250000 134.750000 112.750000 157.250000 140.250000 153.250000
lfw_5590/Angie_Martinez_0001.jpg 84 167 90 173 109.250000 108.750000 146.250000 109.750000 113.750000 128.750000 110.250000 150.250000 143.250000 151.750000
lfw_5590/Anita_DeFrantz_0001.jpg 77 165 84 172 98.750000 103.250000 147.750000 105.250000 115.250000 123.250000 100.750000 150.250000 145.250000 150.750000
lfw_5590/Anjum_Hussain_0001.jpg 81 172 88 179 102.750000 115.750000 145.750000 110.750000 127.250000 129.750000 112.750000 157.750000 147.750000 153.750000
lfw_5590/Anna_Chicherova_0001.jpg 78 163 93 178 106.250000 112.250000 143.750000 109.250000 132.250000 138.250000 114.750000 161.750000 139.750000 159.750000
lfw_5590/Anna_Faris_0001.jpg 89 169 92 172 102.750000 114.250000 147.250000 109.250000 122.250000 139.750000 113.250000 153.750000 155.250000 149.250000
lfw_5590/Anna_Jones_0001.jpg 80 170 86 176 102.250000 111.750000 145.250000 120.750000 110.250000 134.250000 98.750000 158.250000 128.250000 163.750000
lfw_5590/Anna_Kournikova_0001.jpg 75 173 83 181 101.250000 104.750000 149.750000 108.750000 124.750000 139.250000 105.250000 165.750000 135.750000 167.750000
lfw_5590/Anneli_Jaatteenmaki_0001.jpg 92 178 90 177 105.750000 112.250000 145.250000 114.250000 120.250000 136.250000 108.250000 156.250000 139.250000 159.250000
lfw_5590/Annette_Bening_0001.jpg 80 171 86 177 103.750000 109.250000 150.250000 113.250000 126.250000 140.250000 104.250000 153.750000 145.750000 157.250000
lfw_5590/Annette_Lu_0001.jpg 82 164 90 172 102.250000 112.750000 142.250000 107.750000 124.250000 132.250000 107.750000 158.750000 148.750000 153.250000
lfw_5590/Anne_Cavers_0001.jpg 73 166 87 179 102.750000 110.250000 149.750000 120.250000 126.250000 127.750000 99.250000 157.250000 138.750000 164.750000
lfw_5590/Anne_Donovan_0001.jpg 76 163 89 176 102.750000 108.250000 145.250000 111.750000 130.250000 134.750000 103.250000 159.750000 137.250000 160.250000
lfw_5590/Anne_Heche_0001.jpg 84 179 86 181 105.750000 107.250000 151.250000 110.750000 111.750000 140.750000 106.750000 159.250000 148.250000 160.750000
lfw_5590/Anne_Krueger_0001.jpg 86 166 91 170 101.250000 113.250000 146.250000 111.750000 129.750000 130.250000 110.250000 156.250000 144.250000 156.250000
lfw_5590/Anne_McLellan_0001.jpg 88 167 93 172 106.250000 109.250000 148.750000 112.250000 126.750000 130.250000 104.250000 153.250000 146.250000 157.750000
lfw_5590/Annie_Chaplin_0001.jpg 73 170 85 182 102.250000 110.250000 148.750000 115.750000 130.750000 147.250000 92.250000 157.250000 138.750000 160.750000
lfw_5590/Annie_Machon_0001.jpg 86 163 92 170 105.750000 114.250000 145.250000 107.250000 130.250000 132.750000 116.750000 153.750000 147.250000 147.250000
lfw_5590/Ann_Godbehere_0001.jpg 76 172 87 184 99.250000 118.750000 147.750000 115.250000 128.250000 130.750000 111.250000 166.250000 148.250000 164.250000
lfw_5590/Ann_Veneman_0001.jpg 90 182 87 179 104.750000 114.750000 146.750000 107.250000 126.250000 132.750000 118.250000 162.750000 151.750000 156.750000
lfw_5590/Antanas_Valionis_0001.jpg 79 169 89 178 104.750000 113.250000 147.250000 117.250000 122.750000 140.750000 98.750000 150.750000 140.250000 155.750000
lfw_5590/Anthony_Carter_0001.jpg 87 167 92 172 101.250000 114.750000 148.750000 109.750000 125.750000 134.750000 112.750000 163.250000 145.750000 161.250000
lfw_5590/Anthony_Corso_0001.jpg 78 156 92 171 111.750000 111.750000 145.750000 111.750000 140.250000 131.250000 106.250000 150.250000 143.750000 149.250000
lfw_5590/Anthony_Ervin_0001.jpg 79 160 93 174 112.250000 113.750000 147.250000 128.250000 131.250000 142.750000 103.750000 152.250000 132.750000 161.750000
lfw_5590/Anthony_Fauci_0001.jpg 93 165 95 167 105.750000 115.250000 141.750000 108.750000 127.750000 133.250000 116.250000 156.750000 149.250000 150.750000
lfw_5590/Anthony_Garotinho_0001.jpg 76 167 92 183 106.250000 116.750000 139.750000 113.750000 139.250000 131.250000 113.750000 161.750000 141.250000 158.250000
lfw_5590/Anthony_Hazen_0001.jpg 82 164 97 179 101.750000 116.750000 145.250000 111.250000 122.250000 138.750000 113.250000 158.250000 143.250000 154.250000
lfw_5590/Anthony_Hopkins_0001.jpg 81 170 94 182 101.250000 115.750000 149.250000 113.750000 126.750000 140.250000 111.250000 167.750000 145.250000 166.250000
lfw_5590/Anthony_LaPaglia_0001.jpg 79 171 87 180 107.750000 110.250000 143.250000 114.250000 132.250000 133.750000 105.750000 151.750000 139.250000 153.250000
lfw_5590/Anthony_Mazur_0001.jpg 94 173 93 171 106.250000 117.750000 143.250000 114.750000 121.750000 135.250000 113.250000 159.250000 139.250000 156.250000
lfw_5590/Anthony_Pico_0001.jpg 75 176 87 187 102.750000 113.250000 149.250000 113.750000 129.750000 146.750000 106.250000 162.750000 148.250000 162.750000
lfw_5590/Anthony_Principi_0001.jpg 86 166 94 174 108.250000 122.750000 143.250000 114.750000 123.250000 132.750000 116.750000 160.250000 148.750000 153.250000
lfw_5590/Anthony_Rackauckas_0001.jpg 84 164 93 173 106.750000 116.750000 145.250000 110.250000 131.750000 133.750000 117.250000 158.750000 147.250000 153.750000
lfw_5590/Anthony_Scott_Miller_0001.jpg 83 165 91 174 101.750000 114.250000 147.250000 111.250000 125.750000 134.250000 104.750000 153.250000 146.750000 152.750000
lfw_5590/Antonio_Bernardo_0001.jpg 89 168 94 173 103.750000 114.250000 146.250000 113.250000 123.250000 139.250000 108.250000 159.250000 140.250000 158.750000
lfw_5590/Antonio_Cassano_0001.jpg 84 163 93 172 106.250000 114.250000 143.250000 114.750000 115.750000 128.250000 105.250000 155.250000 134.750000 155.750000
lfw_5590/Antonio_Catania_0001.jpg 87 170 94 178 102.250000 107.750000 145.750000 113.250000 115.750000 138.250000 101.250000 157.750000 139.250000 162.250000
lfw_5590/Antonio_Elias_Saca_0001.jpg 79 172 93 185 104.250000 117.250000 147.750000 114.750000 117.750000 122.250000 104.750000 158.250000 146.750000 157.250000
lfw_5590/Antonio_Palocci_0001.jpg 73 173 83 183 107.250000 109.250000 146.250000 117.750000 131.250000 131.750000 109.250000 152.750000 132.250000 156.250000
lfw_5590/Antonio_Trillanes_0001.jpg 84 170 90 176 102.750000 116.250000 144.250000 107.750000 121.250000 135.250000 115.750000 162.250000 149.250000 155.250000
lfw_5590/Antwun_Echols_0001.jpg 85 164 94 173 100.750000 111.250000 149.250000 112.750000 129.750000 133.250000 107.250000 155.250000 141.750000 153.750000
lfw_5590/Anwar_Ibrahim_0001.jpg 82 171 89 179 107.750000 113.750000 150.250000 109.250000 128.750000 141.750000 117.250000 163.250000 147.250000 160.750000
lfw_5590/Anzori_Kikalishvili_0001.jpg 84 174 90 179 105.250000 114.750000 148.250000 111.250000 123.750000 136.250000 111.250000 163.250000 149.250000 161.250000
lfw_5590/Aparna_Pillai_0001.jpg 81 167 89 175 106.750000 112.750000 149.750000 118.250000 126.750000 137.750000 102.750000 151.750000 144.250000 154.250000
lfw_5590/Aram_Adler_0001.jpg 85 162 94 171 104.750000 116.250000 139.750000 114.250000 125.250000 124.750000 112.250000 160.250000 138.250000 158.750000
lfw_5590/Aretha_Franklin_0001.jpg 81 172 88 179 105.250000 115.250000 144.750000 114.750000 124.750000 141.250000 107.250000 158.750000 149.250000 157.750000
lfw_5590/Arianna_Huffington_0001.jpg 95 184 86 175 107.250000 109.750000 147.750000 108.250000 113.250000 133.250000 110.750000 152.750000 154.250000 154.250000
lfw_5590/Ariel_Sharon_0001.jpg 81 169 89 177 107.250000 109.250000 147.750000 115.250000 126.250000 140.250000 103.250000 152.250000 140.250000 155.750000
lfw_5590/Arie_Haan_0001.jpg 88 168 92 172 105.750000 110.750000 147.250000 112.250000 120.250000 133.250000 107.750000 154.250000 137.250000 156.750000
lfw_5590/Ari_Bousbib_0001.jpg 87 166 91 170 102.750000 116.750000 144.250000 106.750000 126.750000 137.750000 115.750000 155.750000 149.250000 149.250000
lfw_5590/Ari_Fleischer_0001.jpg 83 165 91 173 111.250000 106.750000 151.250000 116.750000 126.750000 136.750000 99.250000 146.750000 145.750000 157.250000
lfw_5590/Armando_Avila_Panchame_0001.jpg 73 184 83 194 106.750000 112.250000 151.750000 112.250000 133.250000 144.250000 110.750000 162.250000 140.250000 160.750000
lfw_5590/Armando_Calderon_Sol_0001.jpg 80 165 90 174 100.750000 111.750000 134.250000 111.250000 107.750000 133.250000 98.250000 155.250000 129.750000 156.750000
lfw_5590/Armando_Carrillo_0001.jpg 74 163 86 175 102.750000 112.250000 156.250000 122.250000 125.250000 122.750000 95.250000 158.250000 137.250000 165.750000
lfw_5590/Armand_Sargen_0001.jpg 75 176 83 184 103.250000 107.750000 146.250000 116.250000 122.750000 142.750000 103.750000 157.750000 132.750000 161.750000
lfw_5590/Arminio_Fraga_0001.jpg 74 157 90 173 111.250000 112.250000 145.250000 111.750000 142.750000 136.750000 117.250000 160.250000 135.250000 158.250000
lfw_5590/Arnaud_Clement_0001.jpg 76 175 86 186 109.750000 110.750000 150.750000 110.750000 128.250000 137.250000 109.750000 152.750000 139.750000 157.750000
lfw_5590/Arnaud_Lagardere_0001.jpg 81 169 89 177 105.750000 109.750000 146.750000 110.250000 123.750000 134.750000 113.750000 157.750000 138.250000 156.250000
lfw_5590/Arnoldo_Aleman_0001.jpg 76 163 90 177 106.250000 110.750000 143.250000 120.250000 119.750000 138.250000 98.750000 153.250000 124.750000 158.250000
lfw_5590/Arnold_Palmer_0001.jpg 82 171 89 178 101.750000 115.750000 145.750000 108.750000 119.250000 136.250000 111.750000 160.750000 148.250000 153.750000
lfw_5590/Arnold_Schwarzenegger_0001.jpg 71 172 88 189 106.250000 110.250000 147.750000 118.250000 136.750000 142.750000 103.750000 166.750000 140.250000 174.750000
lfw_5590/Aron_Ralston_0001.jpg 84 165 91 172 108.750000 112.250000 146.250000 116.250000 126.250000 135.750000 108.250000 159.250000 137.750000 162.750000
lfw_5590/Arsinee_Khanjian_0001.jpg 84 165 91 172 95.250000 109.750000 147.250000 109.250000 124.750000 146.750000 93.250000 165.250000 147.750000 164.250000
lfw_5590/Arthur_Martinez_0001.jpg 94 168 94 168 103.250000 115.750000 141.250000 114.250000 126.250000 128.750000 111.250000 155.250000 140.750000 154.750000
lfw_5590/Arturo_Gatti_0001.jpg 85 168 90 172 106.750000 118.250000 148.750000 113.750000 122.250000 133.750000 109.750000 162.750000 149.750000 158.750000
lfw_5590/Art_Cooper_0001.jpg 76 171 86 181 109.250000 106.750000 149.250000 112.250000 135.250000 129.750000 106.250000 149.750000 144.250000 151.750000
lfw_5590/Art_Hoffmann_0001.jpg 78 165 87 174 104.750000 112.250000 141.750000 110.750000 114.750000 135.750000 109.250000 154.750000 139.250000 154.750000
lfw_5590/Art_Howe_0001.jpg 80 168 89 178 101.750000 113.250000 146.750000 110.750000 126.750000 135.750000 105.250000 160.750000 148.750000 158.750000
lfw_5590/Arye_Mekel_0001.jpg 93 185 84 176 101.250000 117.250000 138.250000 104.750000 121.750000 134.250000 118.250000 160.750000 149.250000 151.250000
lfw_5590/Asa_Hutchinson_0001.jpg 71 160 87 176 107.250000 111.250000 145.750000 121.250000 130.750000 131.750000 104.750000 154.250000 135.750000 159.750000
lfw_5590/Ascencion_Barajas_0001.jpg 73 157 92 175 106.750000 111.250000 147.250000 118.750000 134.250000 131.750000 110.250000 156.250000 140.250000 158.750000
lfw_5590/Ashlea_Talbot_0001.jpg 84 170 88 175 107.750000 112.750000 149.250000 110.750000 120.750000 139.750000 114.250000 157.250000 156.250000 153.750000
lfw_5590/Ashley_Judd_0001.jpg 75 170 85 181 103.250000 108.250000 150.750000 110.750000 120.750000 120.250000 96.750000 154.750000 144.250000 158.750000
lfw_5590/Ashley_Olsen_0001.jpg 82 179 85 182 106.250000 120.250000 144.250000 110.250000 121.750000 144.750000 121.750000 163.250000 161.750000 149.750000
lfw_5590/Ashraf_Ghani_0001.jpg 80 167 92 179 105.250000 109.250000 144.750000 116.750000 125.250000 142.750000 102.750000 156.250000 128.750000 160.750000
lfw_5590/Asmaa_Assad_0001.jpg 80 165 91 176 106.250000 111.250000 149.750000 115.250000 119.250000 143.250000 101.750000 156.750000 136.750000 164.250000
lfw_5590/Assad_Ahmadi_0001.jpg 80 164 87 171 106.250000 110.250000 141.750000 108.250000 130.750000 132.750000 114.750000 158.750000 141.750000 155.750000
lfw_5590/Astou_Ndiaye-Diatta_0001.jpg 73 173 80 180 97.750000 114.750000 148.250000 114.250000 124.750000 137.250000 101.250000 162.750000 146.750000 162.250000
lfw_5590/Astrid_Betancourt_0001.jpg 84 168 89 173 103.250000 108.750000 142.250000 114.250000 111.250000 132.750000 102.750000 156.250000 131.750000 160.750000
